"","var","Estimate1","Std. Error1","z value1","Pr(>|z|)1","model.x","Estimate2","Std. Error2","z value2","Pr(>|z|)2","model.y","Estimate3","Std. Error3","z value3","Pr(>|z|)3","model.x.x","Estimate4","Std. Error4","z value4","Pr(>|z|)4","model.y.y"
"1","(Intercept)",-3.29205839096078,2.13649519793199,-1.54086861236445,0.123348766326679,1,5.44036189092664,1.82632573395569,2.97885628493183,0.0028932644551707,2,-5.77178004474719,1.9053297841019,-3.02928138367804,0.00245136248068258,3,-4.58810901142917,1.71637425843731,-2.67314019006931,0.00751448400062195,4
"2","rentburden_pct",0.0641873439645593,0.0183138407559835,3.50485432410391,0.000456857190790684,1,0.0388694243583555,0.0159571582882166,2.43586130163653,0.0148563797690994,2,-0.0758177513193435,0.0177185410604088,-4.27900644081552,0.0000187729431157451,3,-0.0282972323247658,0.0153762183776169,-1.84032456029358,0.0657206016710843,4
"3","`PCP Rate`",0.0111921362107823,0.00212623935050644,5.26381764504379,0.00000014109440195611,1,0.00250801350138961,0.00202888851104982,1.23615146309438,0.216402268479852,2,-0.00855007382472225,0.00201064328614035,-4.25240711948217,0.0000211484939467557,3,-0.00214032203542123,0.00173275925247519,-1.2352102765366,0.216752255628457,4
"4","`Income Ratio`",-0.019692129912607,0.139985829870804,-0.140672308981425,0.888128821759274,1,-0.0437422904286959,0.117005093374131,-0.373849455329497,0.708516322876778,2,0.290834907408396,0.118208211872865,2.46036127947856,0.0138797217396169,3,-0.203160038122395,0.110312683391519,-1.84167433767652,0.0655228001123599,4
"5","`% LBW`",0.16043568075971,0.0450580550957132,3.56064371662092,0.000369946764372809,1,-0.00694988293990456,0.0404115044586048,-0.171977832377501,0.863454956531695,2,-0.0894306710183669,0.0401476689912504,-2.22754329866217,0.0259109853815768,3,0.0561322807261203,0.0359388561750496,1.56188278371224,0.118315604961727,4
"6","`% Uninsured`",0.10508071336081,0.0206732342460907,5.08293536028017,0.000000371646204890159,1,0.0372646036375093,0.0184519431388599,2.01954901752487,0.0434301879760739,2,-0.0873556126562754,0.0182866195383386,-4.77702357579709,0.00000177908922093966,3,-0.0286160884478448,0.01665106924116,-1.71857362631753,0.0856920373957188,4
"7","prekpct",0.00369349953938044,0.00554305761849349,0.666328909708189,0.505200890960075,1,0.00743181310711284,0.00487950890262519,1.52306579523085,0.12774224529139,2,-0.00179848007725067,0.00470771455970319,-0.382028276022762,0.702440391224528,3,-0.00538411430791231,0.00435465043102624,-1.2364056296118,0.216307824584394,4
"8","bankrate",773.272387549891,322.847352079469,2.39516410021399,0.0166129282033623,1,134.622483318827,309.394219727182,0.435116349095127,0.663477976905277,2,-600.506180480864,276.894223841822,-2.16872050326304,0.0301039098018766,3,-315.774784619262,259.100487830928,-1.21873481313287,0.222944860136438,4
"9","`Violent Crime Rate`",0.00137145871554096,0.000384423035799516,3.56757683027144,0.00036029775401018,1,-0.0000479309242828859,0.000353436463790575,-0.135613976466466,0.892126455911271,2,-0.00249152588834637,0.000431345972584636,-5.77616587774561,0.00000000764220349226415,3,0.00090941634620276,0.000321321953885611,2.8302340851771,0.00465139586445881,4
"10","some_college_2017",0.102064787443767,0.0166225561783766,6.14013791552335,0.000000000824498656462511,1,0.0734527418551127,0.0142538465411779,5.15318736194578,0.000000256095863476818,2,-0.0915059591038352,0.0135217414867413,-6.76732055508983,0.0000000000131189204374346,3,-0.0423475265645525,0.0122695830237266,-3.45142344957134,0.000557637918652132,4
"11","hs_grad_2017",-0.0411218300974322,0.0192889511468031,-2.13188523235218,0.0330162825245355,1,-0.0860191533602113,0.0168567141271355,-5.10296091583709,0.000000334380080245069,2,0.0890269751416115,0.0185584199689692,4.79712040628837,0.00000160962853212511,3,0.0434882956200926,0.0163437870745683,2.66084570373303,0.00779446664928759,4
"12","broadband_2017",-0.0241095708171031,0.0140330500034304,-1.71805636060653,0.0857863356003938,1,0.00270147804377192,0.0116449386048716,0.231987315299521,0.81654786600114,2,0.0125674619080243,0.011988080456874,1.04832979335053,0.294486687488845,3,-0.00409244514957584,0.0109301505587681,-0.374418003445789,0.708093350633178,4
"13","median_household_income_2017",0.00000511415476222224,0.00000994106838931013,0.514447196412169,0.606939369044224,1,0.0000193823481775542,0.00000835958812125696,2.31857693183093,0.0204179871100485,2,-0.0000143339124333309,0.00000813436281410136,-1.76214323861757,0.0780450994239708,3,-0.00000498620233645365,0.00000751647046041574,-0.663370176562613,0.507093501609004,4
"14","poverty_2017",-0.138822694050076,0.0292130534698266,-4.75207749828213,0.00000201337168613082,1,-0.00333592003247431,0.0238871723847553,-0.139653198743744,0.888934005914681,2,0.0993507920937142,0.0240735844759834,4.12696298687176,0.0000367585529447062,3,0.0156756641270622,0.0222096631713959,0.705803775865053,0.480310173619636,4
"15","unemployment_rate_2017",0.137079706262439,0.0530732836349661,2.5828382356227,0.00979912566853384,1,0.112572175337593,0.0500731116578805,2.24815617824455,0.0245662328861709,2,-0.15417767824197,0.0520196588613423,-2.96383485814332,0.0030383129178196,3,-0.114442896542179,0.0474068342967951,-2.4140590326217,0.0157759061409587,4
"16","incarcerated_rate",-0.000255328940567772,0.000404322194325187,-0.631498701163104,0.527714498214516,1,0.00074092121969863,0.000346232775874243,2.13995112920143,0.0323587164497212,2,0.00000779859140759153,0.000336172022734355,0.0231982166277829,0.98149216115071,3,-0.000386001213496657,0.000312364019412843,-1.23574160116851,0.216554628621714,4
"17","voting_pct",-0.0104225564160581,0.0159852318433821,-0.652011589082647,0.514393696259665,1,-0.0756718634758928,0.0141558628489418,-5.34561999387764,0.0000000901080787972298,2,0.0271031224696775,0.0136106043236292,1.99132395779254,0.0464452832165462,3,0.0668848726590159,0.0124201156353352,5.38520530909781,0.0000000723620020505081,4
"18","volunteer_pct",0.0198429364767364,0.0170499503759752,1.16381197828568,0.244500216806605,1,-0.00139348684032371,0.0154449203516621,-0.0902229864962529,0.928110018235189,2,0.00222380977321636,0.0146633412048659,0.151657779911608,0.879456858642596,3,-0.0154742696480155,0.0137107584295722,-1.12862244109266,0.25905713983445,4
